Mean vector for class A:
[0.440486519579,0.775043117138,0.580957571626,0.334541268153,0.0187234402914,0.354745963327,0.188642603038,0.799786918196,0.294237728802,0.525054680899,0.538209326286,0.469678401197,0.87086314307,0.623418308509,0.595867867752,0.0087638404972,0.871311186985,0.928946394771,0.0226696724687,0.0232253240656]
Mean vector for class B:
[0.731144772797,0.765737932676,0.54341440524,0.183029364563,0.0995120127704,0.422014046326,0.186011514269,0.757534403461,0.460297354654,0.577962681406,0.466304322924,0.403720611314,0.859777039713,0.828034737005,0.489548032926,0.199628124595,0.650958792462,0.912912129761,0.273300795519,0.168429888621]
Co-variance Matrix:
[[8.11151738979,7.48981120238,5.38770200966,5.83670122119,5.39593371249,5.35537456159,5.65775593117,5.35259184087,5.67428587249,4.87257093811,6.47148944121,5.21402862006,5.85785144961,6.47230550475,5.67494727704,5.46880579517,7.66450083835,4.688230228,5.23190911705,6.03001468295]
[7.48981120238,10.4899338785,6.87072862378,7.24371073833,5.97217412904,6.10385026253,6.91084580541,6.59691200859,7.58806848294,5.71676314445,7.56775455934,6.31244801616,6.28453677914,6.93407332715,5.94010736268,6.69599437619,9.01860032751,6.06668309196,6.39746804078,7.89995876683]
[5.38770200966,6.87072862378,6.10088613029,5.68332461551,4.06839093281,5.31666116144,5.01044838675,5.0956812121,4.66433704905,4.16004621897,5.25824118481,4.42488399305,4.74502836852,5.39634890621,4.2990967305,4.1264994627,6.47299061842,4.89155430797,4.6058985578,5.6193255391]
[5.83670122119,7.24371073833,5.68332461551,7.68058702038,4.96799243518,5.66183738281,5.71426931711,5.71451951959,5.88314829336,4.91850852117,6.19821388984,5.69271854729,5.55605988641,6.61815344322,4.39771851012,5.46658502416,7.38515597561,5.83987322209,4.89796619014,5.413857425]
[5.39593371249,5.97217412904,4.06839093281,4.96799243518,5.66924536402,3.8974721693,4.1419560272,4.46289814126,5.19094427685,3.88410232126,4.75646326309,5.5031785624,4.40981964695,5.78229246804,4.47285612111,5.17179082462,5.74207784017,4.2999711578,4.49076426798,5.09730982003]
[5.35537456159,6.10385026253,5.31666116144,5.66183738281,3.8974721693,6.5609468911,5.40075667376,5.74553416195,5.19835161759,4.67129867917,4.9690666749,4.081218513,5.21876496804,5.50246901927,4.64195215851,4.54130955493,6.550994916,4.75452780791,3.32593458871,5.98916890865]
[5.65775593117,6.91084580541,5.01044838675,5.71426931711,4.1419560272,5.40075667376,7.40123311672,5.90505393451,5.21310263351,4.87205890665,5.72717124923,5.19339907983,5.5262606098,5.54298479138,4.09097125529,4.94107346554,7.3945818381,5.25716237196,4.12123771823,6.33221264243]
[5.35259184087,6.59691200859,5.0956812121,5.71451951959,4.46289814126,5.74553416195,5.90505393451,6.58957778087,5.65176462277,4.93047195626,4.79476163525,4.34736395958,5.59983057105,6.10146576394,4.73259618259,4.71623222468,6.7091853313,5.37009353462,4.21906218793,6.11937258427]
[5.67428587249,7.58806848294,4.66433704905,5.88314829336,5.19094427685,5.19835161759,5.21310263351,5.65176462277,7.92476424511,4.41570125634,5.37806205369,5.45872723057,4.91902559562,6.14193772372,5.50419670661,6.05871911765,7.41765712363,5.39438454997,4.23481064946,6.48938368355]
[4.87257093811,5.71676314445,4.16004621897,4.91850852117,3.88410232126,4.67129867917,4.87205890665,4.93047195626,4.41570125634,4.81626982779,4.56316471533,4.43601993616,4.49747538693,4.63683159819,3.64340678337,4.05766230699,5.10756029032,3.77208726326,3.68003398344,4.78321748034]
[6.47148944121,7.56775455934,5.25824118481,6.19821388984,4.75646326309,4.9690666749,5.72717124923,4.79476163525,5.37806205369,4.56316471533,7.53870071299,5.55313323757,5.0726259455,5.42169855143,4.73390042135,5.77875340489,7.29157820392,4.97049333541,5.34463836208,5.69177603345]
[5.21402862006,6.31244801616,4.42488399305,5.69271854729,5.5031785624,4.081218513,5.19339907983,4.34736395958,5.45872723057,4.43601993616,5.55313323757,7.05623242333,4.29371872766,5.18332981391,3.99584827021,5.68900838953,6.10934082224,4.89419584574,4.71416438645,5.22265574125]
[5.85785144961,6.28453677914,4.74502836852,5.55605988641,4.40981964695,5.21876496804,5.5262606098,5.59983057105,4.91902559562,4.49747538693,5.0726259455,4.29371872766,6.28206957417,6.1173512286,4.52311706417,4.73363695333,7.14700809275,4.52179436975,4.18881535942,5.17003429361]
[6.47230550475,6.93407332715,5.39634890621,6.61815344322,5.78229246804,5.50246901927,5.54298479138,6.10146576394,6.14193772372,4.63683159819,5.42169855143,5.18332981391,6.1173512286,7.98209211465,5.27984474587,5.63577834634,7.75711068305,5.32179587163,4.84540246026,5.81375235662]
[5.67494727704,5.94010736268,4.2990967305,4.39771851012,4.47285612111,4.64195215851,4.09097125529,4.73259618259,5.50419670661,3.64340678337,4.73390042135,3.99584827021,4.52311706417,5.27984474587,5.39235422791,4.87930310562,5.99295161978,3.9927356488,3.55631463065,5.53402790084]
[5.46880579517,6.69599437619,4.1264994627,5.46658502416,5.17179082462,4.54130955493,4.94107346554,4.71623222468,6.05871911765,4.05766230699,5.77875340489,5.68900838953,4.73363695333,5.63577834634,4.87930310562,6.76998267087,6.96115184008,4.49298991643,4.21073003676,5.97058023429]
[7.66450083835,9.01860032751,6.47299061842,7.38515597561,5.74207784017,6.550994916,7.3945818381,6.7091853313,7.41765712363,5.10756029032,7.29157820392,6.10934082224,7.14700809275,7.75711068305,5.99295161978,6.96115184008,10.7060065152,6.66643864552,5.80960970467,7.48266824469]
[4.688230228,6.06668309196,4.89155430797,5.83987322209,4.2999711578,4.75452780791,5.25716237196,5.37009353462,5.39438454997,3.77208726326,4.97049333541,4.89419584574,4.52179436975,5.32179587163,3.9927356488,4.49298991643,6.66643864552,6.04735349916,4.54953762291,5.14907366663]
[5.23190911705,6.39746804078,4.6058985578,4.89796619014,4.49076426798,3.32593458871,4.12123771823,4.21906218793,4.23481064946,3.68003398344,5.34463836208,4.71416438645,4.18881535942,4.84540246026,3.55631463065,4.21073003676,5.80960970467,4.54953762291,5.68350023517,4.23694294278]
[6.03001468295,7.89995876683,5.6193255391,5.413857425,5.09730982003,5.98916890865,6.33221264243,6.11937258427,6.48938368355,4.78321748034,5.69177603345,5.22265574125,5.17003429361,5.81375235662,5.53402790084,5.97058023429,7.48266824469,5.14907366663,4.23694294278,8.28538149885]
]